example: 1

delta=0.100000
m=5
t_0=0.010000
dt(ATLAS)=0.002000
dt(original)=0.005000
p=1
T=500.000000

Parameters from simulator testing: 
regions = 0
regions = 1
dist=0.250000
num_locations=12
